#   i   j   param int_type  other_params
    1   26      0   LJ12GAUSSIAN   0.40000   0.57711   0.05000
    1   27      1   LJ12GAUSSIAN   0.40000   0.54328   0.05000
    1   30      2   LJ12GAUSSIAN   0.40000   0.78661   0.05000
    1   56      3   LJ12GAUSSIAN   0.40000   0.70420   0.05000
    2   24      4   LJ12GAUSSIAN   0.40000   0.63509   0.05000
    2   26      5   LJ12GAUSSIAN   0.40000   0.46456   0.05000
    2   41      6   LJ12GAUSSIAN   0.40000   0.95235   0.05000
    2   57      7   LJ12GAUSSIAN   0.40000   0.58203   0.05000
    3   24      8   LJ12GAUSSIAN   0.40000   0.53979   0.05000
    3   25      9   LJ12GAUSSIAN   0.40000   0.50399   0.05000
    3   26     10   LJ12GAUSSIAN   0.40000   0.62178   0.05000
    3   27     11   LJ12GAUSSIAN   0.40000   0.71492   0.05000
    3   30     12   LJ12GAUSSIAN   0.40000   0.98398   0.05000
    3   36     13   LJ12GAUSSIAN   0.40000   1.11265   0.05000
    3   54     14   LJ12GAUSSIAN   0.40000   0.59880   0.05000
    3   55     15   LJ12GAUSSIAN   0.40000   0.53941   0.05000
    3   56     16   LJ12GAUSSIAN   0.40000   0.43945   0.05000
    3   57     17   LJ12GAUSSIAN   0.40000   0.49494   0.05000
    4   22     18   LJ12GAUSSIAN   0.40000   0.54828   0.05000
    4   24     19   LJ12GAUSSIAN   0.40000   0.44981   0.05000
    4   54     20   LJ12GAUSSIAN   0.40000   0.53786   0.05000
    4   55     21   LJ12GAUSSIAN   0.40000   0.54632   0.05000
    4   57     22   LJ12GAUSSIAN   0.40000   0.53380   0.05000
    4   58     23   LJ12GAUSSIAN   0.40000   0.86020   0.05000
    5   19     24   LJ12GAUSSIAN   0.40000   0.73183   0.05000
    5   20     25   LJ12GAUSSIAN   0.40000   0.67530   0.05000
    5   21     26   LJ12GAUSSIAN   0.40000   0.49478   0.05000
    5   22     27   LJ12GAUSSIAN   0.40000   0.48861   0.05000
    5   23     28   LJ12GAUSSIAN   0.40000   0.53202   0.05000
    5   25     29   LJ12GAUSSIAN   0.40000   0.75865   0.05000
    5   54     30   LJ12GAUSSIAN   0.40000   0.43664   0.05000
    6   21     31   LJ12GAUSSIAN   0.40000   0.52321   0.05000
    6   52     32   LJ12GAUSSIAN   0.40000   0.84832   0.05000
    6   53     33   LJ12GAUSSIAN   0.40000   0.54380   0.05000
    6   54     34   LJ12GAUSSIAN   0.40000   0.53167   0.05000
    6   55     35   LJ12GAUSSIAN   0.40000   0.69946   0.05000
    7   19     36   LJ12GAUSSIAN   0.40000   0.81539   0.05000
    7   21     37   LJ12GAUSSIAN   0.40000   0.43869   0.05000
    7   52     38   LJ12GAUSSIAN   0.40000   0.94112   0.05000
    7   53     39   LJ12GAUSSIAN   0.40000   0.59085   0.05000
    8   19     40   LJ12GAUSSIAN   0.40000   0.57524   0.05000
    8   20     41   LJ12GAUSSIAN   0.40000   0.41860   0.05000
    8   21     42   LJ12GAUSSIAN   0.40000   0.48387   0.05000
    8   53     43   LJ12GAUSSIAN   0.40000   0.80920   0.05000
    9   16     44   LJ12GAUSSIAN   0.40000   0.99435   0.05000
    9   17     45   LJ12GAUSSIAN   0.40000   0.80756   0.05000
    9   18     46   LJ12GAUSSIAN   0.40000   0.55723   0.05000
    9   19     47   LJ12GAUSSIAN   0.40000   0.53967   0.05000
    9   35     48   LJ12GAUSSIAN   0.40000   1.27786   0.05000
    9   49     49   LJ12GAUSSIAN   0.40000   0.83609   0.05000
    9   50     50   LJ12GAUSSIAN   0.40000   0.85503   0.05000
    9   53     51   LJ12GAUSSIAN   0.40000   0.79512   0.05000
   10   18     52   LJ12GAUSSIAN   0.40000   0.48942   0.05000
   11   16     53   LJ12GAUSSIAN   0.40000   0.59336   0.05000
   11   18     54   LJ12GAUSSIAN   0.40000   0.48224   0.05000
   12   16     55   LJ12GAUSSIAN   0.40000   0.68660   0.05000
   12   35     56   LJ12GAUSSIAN   0.40000   1.29645   0.05000
   12   53     57   LJ12GAUSSIAN   0.40000   1.47545   0.05000
   15   47     58   LJ12GAUSSIAN   0.40000   0.54289   0.05000
   15   48     59   LJ12GAUSSIAN   0.40000   0.63849   0.05000
   16   35     60   LJ12GAUSSIAN   0.40000   0.89877   0.05000
   16   46     61   LJ12GAUSSIAN   0.40000   0.75830   0.05000
   16   47     62   LJ12GAUSSIAN   0.40000   0.44256   0.05000
   16   48     63   LJ12GAUSSIAN   0.40000   0.41726   0.05000
   17   25     64   LJ12GAUSSIAN   0.40000   1.01792   0.05000
   17   38     65   LJ12GAUSSIAN   0.40000   0.75212   0.05000
   17   39     66   LJ12GAUSSIAN   0.40000   0.84005   0.05000
   17   40     67   LJ12GAUSSIAN   0.40000   0.86522   0.05000
   17   43     68   LJ12GAUSSIAN   0.40000   1.03669   0.05000
   17   45     69   LJ12GAUSSIAN   0.40000   0.71391   0.05000
   17   46     70   LJ12GAUSSIAN   0.40000   0.59781   0.05000
   17   47     71   LJ12GAUSSIAN   0.40000   0.45410   0.05000
   17   48     72   LJ12GAUSSIAN   0.40000   0.55779   0.05000
   17   49     73   LJ12GAUSSIAN   0.40000   0.57483   0.05000
   18   23     74   LJ12GAUSSIAN   0.40000   1.00258   0.05000
   19   23     75   LJ12GAUSSIAN   0.40000   0.64418   0.05000
   19   25     76   LJ12GAUSSIAN   0.40000   0.89070   0.05000
   19   49     77   LJ12GAUSSIAN   0.40000   0.86607   0.05000
   19   50     78   LJ12GAUSSIAN   0.40000   1.06041   0.05000
   19   53     79   LJ12GAUSSIAN   0.40000   0.97358   0.05000
   19   54     80   LJ12GAUSSIAN   0.40000   1.02821   0.05000
   20   42     81   LJ12GAUSSIAN   0.40000   1.03940   0.05000
   23   40     82   LJ12GAUSSIAN   0.40000   0.75677   0.05000
   23   42     83   LJ12GAUSSIAN   0.40000   0.72543   0.05000
   23   43     84   LJ12GAUSSIAN   0.40000   0.93876   0.05000
   24   40     85   LJ12GAUSSIAN   0.40000   0.63810   0.05000
   24   41     86   LJ12GAUSSIAN   0.40000   0.67503   0.05000
   24   42     87   LJ12GAUSSIAN   0.40000   0.73647   0.05000
   24   57     88   LJ12GAUSSIAN   0.40000   0.76864   0.05000
   25   38     89   LJ12GAUSSIAN   0.40000   0.60133   0.05000
   25   39     90   LJ12GAUSSIAN   0.40000   0.54522   0.05000
   25   40     91   LJ12GAUSSIAN   0.40000   0.45616   0.05000
   25   41     92   LJ12GAUSSIAN   0.40000   0.63494   0.05000
   25   49     93   LJ12GAUSSIAN   0.40000   0.95545   0.05000
   25   54     94   LJ12GAUSSIAN   0.40000   0.85887   0.05000
   26   38     95   LJ12GAUSSIAN   0.40000   0.56291   0.05000
   26   39     96   LJ12GAUSSIAN   0.40000   0.50571   0.05000
   26   41     97   LJ12GAUSSIAN   0.40000   0.72816   0.05000
   27   36     98   LJ12GAUSSIAN   0.40000   0.73076   0.05000
   27   37     99   LJ12GAUSSIAN   0.40000   0.63474   0.05000
   27   38    100   LJ12GAUSSIAN   0.40000   0.49321   0.05000
   27   49    101   LJ12GAUSSIAN   0.40000   0.98109   0.05000
   27   54    102   LJ12GAUSSIAN   0.40000   1.04437   0.05000
   28   37    103   LJ12GAUSSIAN   0.40000   0.77818   0.05000
   29   36    104   LJ12GAUSSIAN   0.40000   0.74589   0.05000
   30   36    105   LJ12GAUSSIAN   0.40000   0.67980   0.05000
   31   36    106   LJ12GAUSSIAN   0.40000   0.83933   0.05000
   32   36    107   LJ12GAUSSIAN   0.40000   0.91905   0.05000
   33   51    108   LJ12GAUSSIAN   0.40000   0.72740   0.05000
   34   50    109   LJ12GAUSSIAN   0.40000   0.60225   0.05000
   34   51    110   LJ12GAUSSIAN   0.40000   0.54565   0.05000
   35   48    111   LJ12GAUSSIAN   0.40000   0.58711   0.05000
   35   49    112   LJ12GAUSSIAN   0.40000   0.54529   0.05000
   35   50    113   LJ12GAUSSIAN   0.40000   0.47255   0.05000
   35   51    114   LJ12GAUSSIAN   0.40000   0.53956   0.05000
   36   48    115   LJ12GAUSSIAN   0.40000   0.52037   0.05000
   36   49    116   LJ12GAUSSIAN   0.40000   0.54329   0.05000
   36   51    117   LJ12GAUSSIAN   0.40000   0.60267   0.05000
   36   54    118   LJ12GAUSSIAN   0.40000   1.01407   0.05000
   37   46    119   LJ12GAUSSIAN   0.40000   0.74044   0.05000
   37   47    120   LJ12GAUSSIAN   0.40000   0.53708   0.05000
   37   48    121   LJ12GAUSSIAN   0.40000   0.43339   0.05000
   38   46    122   LJ12GAUSSIAN   0.40000   0.56083   0.05000
   38   47    123   LJ12GAUSSIAN   0.40000   0.53697   0.05000
   38   49    124   LJ12GAUSSIAN   0.40000   0.64833   0.05000
   39   44    125   LJ12GAUSSIAN   0.40000   0.66147   0.05000
   39   45    126   LJ12GAUSSIAN   0.40000   0.59742   0.05000
   39   46    127   LJ12GAUSSIAN   0.40000   0.44187   0.05000
   40   44    128   LJ12GAUSSIAN   0.40000   0.51056   0.05000
   40   45    129   LJ12GAUSSIAN   0.40000   0.55107   0.05000
   49   53    130   LJ12GAUSSIAN   0.40000   0.77055   0.05000
   49   54    131   LJ12GAUSSIAN   0.40000   0.86241   0.05000
   50   54    132   LJ12GAUSSIAN   0.40000   0.77441   0.05000
